label_id	epithelial	neuron	gut	secretory	excretory	dormant
3.0	0.6852382662282055	0.11558437942329769	0.12078669505628101	0.06107511321034672	0.014048272394616097	0.0032672736872529683
4.0	0.3316260976741	0.45005543755789074	0.07497609178479099	0.12035640778596926	0.016748054671601346	0.006237910525647445
6.0	0.3926443023887745	0.06823928997367477	0.039182627222135905	0.13015369889532763	0.2080032304296353	0.16177685109045176
8.0	0.55280436507823	0.1202243117245523	0.0900621556713055	0.12660378561900076	0.06709051995585487	0.043214861951056616
9.0	0.46635192912596446	0.29682010326222563	0.12669885979481518	0.09063833548039306	0.01486700860458591	0.00462376373201564
11.0	0.15958602003615047	0.581231902940463	0.015914716316910906	0.13285948479919857	0.007856183023919095	0.10255169288335803
14.0	0.7402662623573769	0.11343847816609881	0.03664612895029537	0.048108673536418775	0.027213210630945686	0.03432724635886444
15.0	0.23925635487566901	0.2521881351616267	0.09632333531360292	0.2688560652793093	0.09853611311093352	0.044839996258858546
16.0	0.3066197840929328	0.3610385547656295	0.09296528617098909	0.20254925671668753	0.031456610977270254	0.0053705072764909274
19.0	0.3761285781298388	0.3487212169571211	0.08550167723026052	0.13113851588415973	0.052160947391440546	0.006349064407179161
24.0	0.5685284035323231	0.0003226408638938408	0.1092016095966434	0.034583663149690455	0.28594964713480575	0.0014140357226434174
31.0	0.25928189558065723	0.19544559434474468	0.11523980003243714	0.3432920162688071	0.07897198545529224	0.007768708318061444
36.0	0.31699246876458204	0.0023075806384050906	0.02798801851458456	0.12139098025881899	0.5172876760796866	0.014033275743922753
37.0	0.3152928882441703	0.008772667209509843	0.05754936045817702	0.2831839980006252	0.3278803896689615	0.0073206964185561305
40.0	0.3833708115604884	0.14740901679323445	0.02354405471884532	0.08713025163868704	0.08143657726964454	0.2771092880191002
41.0	0.242661962829562	0.5000488556497479	0.07802058666275617	0.14005258148737107	0.020451935071225287	0.0187640782993377
42.0	0.5965454747741535	0.027002609813122115	0.05702601371873149	0.13018722979890196	0.14059458670991662	0.04864408518517425
46.0	0.31108585883443884	0.0077075407368609634	0.011580473837327236	0.3264190938764489	0.28720248068658993	0.056004552028334195
47.0	0.6676532151965444	0.07009129305504476	0.0812065566255546	0.1160975162052928	0.056837482352682614	0.008113936564880922
48.0	0.2860778318173261	0.37087563341202767	0.13707463839436118	0.15712470182859842	0.032253067841998447	0.016594126705688304
50.0	0.6599072749931154	0.06651394402319022	0.03935335310811442	0.1435219468117696	0.04582188974409414	0.04488159131971623
53.0	0.5991061159004646	0.2017056491340477	0.06468484137604642	0.11413855593660159	0.015514336757196667	0.004850500895642953
54.0	0.4905796229552941	0.27459587887236225	0.04381363296732941	0.14245855029225626	0.036772640441886585	0.011779674470871233
55.0	0.35619572580995906	0.24127719392635877	0.14707870901963507	0.1766409435027595	0.06607815730897798	0.01272927043230963
56.0	0.18069728278733685	0.38835598371905045	0.027152991402390633	0.35764265787649874	0.034859913797383874	0.011291170417339383
57.0	0.1508235311691042	0.17650679106664566	0.1363880610741086	0.3591582367922829	0.16605732440073867	0.011066055497119701
58.0	0.16887472744775422	0.11260015528743803	0.1560927309425913	0.42621121983871374	0.13583366201130675	0.0003875044721960765
59.0	0.3854271810161313	0.10177603690284949	0.06804702669009237	0.28055850321846376	0.13900224292820462	0.02518900924425844
63.0	0.5127947089892593	0.07632190280029247	0.07651943932505845	0.25581288156043624	0.07113096482547517	0.007420102499478277
65.0	0.5934404392500079	0.10336713331552971	0.023291333144038327	0.18228189832400385	0.034300738625798195	0.06331845734062186
68.0	0.29332040589800323	0.3243994998142757	0.03794445484232718	0.3132238726748092	0.02101142242954054	0.010100344341044174
69.0	0.5709767057665213	0.11176572588467733	0.07845016567749984	0.1611704605072469	0.07137084913352591	0.0062660930305286225
77.0	0.4878212957981046	0.006668856100252117	0.005577461502169585	0.10565539379423092	0.15105332874775515	0.24322366405748763
78.0	0.7254120267523931	0.008001969897855342	0.06965806725682774	0.09051027516942854	0.09452324183929237	0.011894419084203028
80.0	0.3386842875613618	0.486594204097883	0.022246126115596253	0.09631182379831889	0.012760010596585656	0.04340354783025435
83.0	0.34413126272832856	0.5300071264623298	0.03512678180854995	0.07512162012794812	0.005192616282425496	0.010420592590418044
84.0	0.32484471450461855	0.4145049606246686	0.07581490449805325	0.16912443845493294	0.012422204432244198	0.003288777485482463
85.0	0.5730884456117825	0.2683247142797959	0.0927312280566497	0.050711960927021967	0.008035355222586183	0.007108295902163648
87.0	0.6610376959900107	0.11531514467362526	0.10922584360606104	0.08198393446736718	0.03034104423670813	0.0020963370262279107
144.0	0.24068805592924727	0.45291147413388794	0.05891016817086116	0.21720943992156355	0.01694078513114514	0.013340076713294891
145.0	0.1254903108934929	0.4453399145829879	0.011153199722131416	0.2501437844649059	0.035470980943997914	0.1324018093924838
149.0	0.2551859144772703	0.18205391336099344	0.06236036781003716	0.2756609550439177	0.1575870428783912	0.06715180642939031
150.0	0.652173411310305	0.008002985799031321	0.036398811698349326	0.13466451420029088	0.1522936225559023	0.01646665443612105
153.0	0.2816787220088476	0.03909449235232691	0.001551276948602798	0.08819244028682932	0.030000559784605547	0.5594825086187877
154.0	0.06000224747093453	0.328669641936989	0.00020311583431374894	0.048943833417800765	0.0016526220616502926	0.5605285392783117
157.0	0.11407219688449809	0.4100437525561323	0.013684004986464595	0.28295765466235395	0.046461247934710376	0.13278114297584084
158.0	0.3616565420001349	0.18932581246753902	0.3162143953675334	0.11641525983283578	0.016011177002391602	0.0003768133295652619
160.0	0.4688737206468585	0.025654058670302345	0.018225617704726894	0.15625649141407336	0.1727053997894912	0.15828471177454767
163.0	0.6526504684919904	0.16140955771397872	0.05378264066097562	0.09086074160162569	0.01947600151645179	0.021820590014977704
166.0	0.192040990477665	0.35724941053518094	0.07834169704515627	0.3166208877192785	0.04530040623064903	0.01044660799207032
168.0	0.21567393197841153	0.4407571902634844	0.017322019004368635	0.20251919835742788	0.01517616264547874	0.10855149775082878
169.0	0.22882048576722322	0.06619301300626089	0.019139808314152483	0.21179684914404615	0.3046295846510699	0.16942025911724734
171.0	0.3100368546825322	0.2928091011427363	0.0550978634737396	0.21718568313098013	0.0790839746341031	0.045786522935908645
173.0	0.01431675809602287	0.65458671292952	0.018296912905392777	0.2808814628484973	0.019128020077888764	0.012790133142678345
174.0	0.6341888951825525	0.12832005735305543	0.03462802204432149	0.13301870597824997	0.03654750536146404	0.03329681408035649
177.0	0.8178268671198204	0.04472428159467919	0.027414667337878052	0.05079139767663424	0.031560668394889496	0.027682117876098655
178.0	0.6016345802261028	0.2647680925233988	0.02754538233296726	0.05904336202998219	0.01002956698851201	0.036979015899036786
180.0	0.6703045134727381	0.10150720937267503	0.036133509754608883	0.09390831209565066	0.05647985600695672	0.04166659929737049
182.0	0.19486410260544054	0.6703562953065442	0.03675977416114532	0.08723123660744488	0.0036482039214281014	0.007140387397997159
183.0	0.747334123377005	0.0957426796797634	0.0979728316209206	0.032711375154800645	0.022554310532938614	0.003684679634571868
185.0	0.6334653411958001	0.2350760739994356	0.05872666120638318	0.042915117870195835	0.01606389909685867	0.013752906631326464
186.0	0.5022894428679846	0.2682520277892548	0.02117920368683757	0.1211668189034536	0.025491683152671273	0.06162082359979828
187.0	0.4208007977805986	0.4173108771498876	0.06717680736565174	0.07148485405818918	0.017893580776704977	0.005333082868967929
189.0	0.2415109428544103	0.09630990469234622	0.25111752401568116	0.30879349517192134	0.10080041636124303	0.0014677169043979094
190.0	0.07449025588389666	0.17467149194295567	0.00027654654388927646	0.04224990922110919	0.007876563204522603	0.7004352332036267
194.0	0.7962367695767052	0.018845858576149673	0.039458163324191636	0.06161254689352453	0.06821051288313078	0.015636148746298123
196.0	0.41810876883249126	0.10898919380056789	0.15622093462660122	0.2246852944236002	0.08283896513645192	0.009156843180287302
200.0	0.25410313867472367	0.1114792706918902	0.00043888483651248765	0.027209256929585594	0.00453943581202567	0.6022300130552624
202.0	0.04859936984756612	0.4204069463696949	0.0018901764916764894	0.16670353283854636	0.013497091886933541	0.34890288256558266
204.0	0.7176978135466024	0.10559060359046635	0.019785848340815593	0.08853803707806697	0.014755420821028742	0.053632276623019955
205.0	0.3895064060711893	0.21366337695086657	0.10186701430172168	0.17556212988463601	0.09951806572353525	0.01988300706805116
207.0	0.38395175256766323	0.13789440507672934	0.18999372543142085	0.20788839061827788	0.0750462534376375	0.005225472868271265
208.0	0.3339435591177011	0.42419147669948615	0.08977935961324711	0.10944287042282919	0.020111729141872627	0.022531005004863974
214.0	0.2543380513573189	0.22109774962993123	0.005501109208590567	0.08227690139400509	0.010861664765525973	0.4259245236446282
216.0	0.25174428512386016	0.006668418534006348	0.0774878258456051	0.12957253212621436	0.5282334306749636	0.006293507695350514
218.0	0.4970847601589812	0.15196728752194397	0.02465340535641141	0.15149343213627148	0.03961060242175782	0.13519051240463398
221.0	0.004990450184039132	0.4787976006558692	0.0005095036993491964	0.1396193654888104	0.0070343921070242146	0.36904868786490796
222.0	0.6032976116162154	0.09246456245706006	0.015767081009564903	0.11517157333821348	0.051821127174910456	0.12147804440403556
223.0	0.40403219582540634	0.008953818695452188	0.03150875513071501	0.11618690250572648	0.41201946907213827	0.02729885877056179
225.0	0.15227105412885425	0.4897237106758972	0.23971193196551	0.10975341920371648	0.008260944254736936	0.00027893977128511474
226.0	0.4508280918030311	0.2539914029061552	0.018230318613214284	0.13473301101283933	0.019978566596196744	0.1222386090685634
227.0	0.5412928265762686	0.14943116633350956	0.07591145055636474	0.17108483997568538	0.05632855378783157	0.005951162770340154
229.0	0.3117164217761543	0.03858945736734284	0.15045540872028337	0.3344334028006215	0.16440734245536975	0.0003979668802281484
230.0	0.031255189663351696	0.42193252918964524	0.05660639944888157	0.4364135473588792	0.04894755471815792	0.004844779621084307
231.0	0.04916316913486501	0.7119748509995643	0.005953421655772323	0.18062975965093298	0.007737948199117981	0.04454085035974739
232.0	0.366458689426486	0.24667856179963787	0.17859746616128758	0.16076053837560764	0.04296489534174508	0.004539848895235999
233.0	0.1233880619428608	0.18605475188666643	0.30399582054001906	0.2670299452573652	0.11848114322703095	0.0010502771460574553
234.0	0.47053129525185183	0.1061836447241037	0.0429508850846607	0.2774463266501233	0.08600615873309478	0.016881689556165754
235.0	0.5178440774697604	0.06819864806174096	0.14818144234184763	0.19064027895836802	0.07127435457936981	0.0038611985889131393
238.0	0.5941146497628851	0.05235966956284457	0.22574302672841032	0.10130284250404167	0.025418345861867482	0.0010614655799509511
240.0	0.6188791653407409	0.14256694704392384	0.09155955810837563	0.09320171673321559	0.043229111756715434	0.010563501017028458
242.0	0.45131607895471537	0.1611596465004535	0.2681881384439381	0.09674086950514502	0.02161790468426703	0.0009773619114811585
243.0	0.0851144256652549	0.7174942684588989	0.015836079346758354	0.12623209113191095	0.004901326282166337	0.05042180911501059
246.0	0.5264199489848561	0.006716619653258101	0.26570933577201683	0.10047205776136751	0.10047928855940834	0.000202749269093123
248.0	0.5032218090796691	0.22450911304966176	0.08560601261978788	0.12064008012783392	0.04338049615015735	0.022642488972890073
249.0	0.6100181077206988	0.09350751646336442	0.10474587725688919	0.09375815429301147	0.08381334942142331	0.014156994844613033
251.0	0.6369869944660973	0.09016513111782434	0.08699705164499563	0.14643543694287592	0.034231136187177116	0.005184249641029716
253.0	0.6457612694310805	0.10811555988457758	0.10611207976392495	0.07974219755448346	0.043241151413348805	0.017027741952584708
255.0	0.44473285508002586	0.3604292316009254	0.09455471866303129	0.08745622891524063	0.00924856451689473	0.0035784012238820567
256.0	0.2840283629600039	0.5562674879600585	0.013994909726154383	0.06686784042724427	0.0066168898769329194	0.0722245090496061
257.0	0.41629079628809046	0.006773475705308868	0.2731226884081139	0.12243684516335458	0.18115903462827268	0.00021715980685963116
258.0	0.6881589252476409	0.07869283397403803	0.026885705878726227	0.11385684297846543	0.052435176029025865	0.03997051589210343
261.0	0.41687077905927944	0.2173535331116723	0.28065707143073715	0.07171656228183425	0.012054652382889736	0.0013474017335871906
267.0	0.2140319448027257	0.6174304234190915	0.044414988014071684	0.10676062352941112	0.005072981016161706	0.012289039218538295
268.0	0.06299183661191812	0.6929936844199711	0.013726258212367488	0.21232975913887664	0.006632093463178945	0.011326368153687547
269.0	0.0895204687281432	0.501322498260834	0.003948162024809991	0.07531573489462702	0.00574201860796388	0.324151117483622
270.0	0.008895528130881908	0.5232422947461862	0.0013422675326898858	0.1154104041258978	0.009188320982856601	0.3419211844814877
271.0	0.0320244369152939	0.48280897816336865	0.002776657954933655	0.28577088206752793	0.026351441350378015	0.17026760354849782
272.0	0.654445656662306	0.1804431236992002	0.05390754014175001	0.07818352520041873	0.011430387653078378	0.02158976664324666
276.0	0.26096427559254287	0.4228107505127114	0.15015588861891288	0.1425589173086221	0.018913379984024613	0.004596787983186265
277.0	0.17849316218412623	0.44515013307526186	0.03591384814587362	0.26236305830815776	0.0450193451682451	0.03306045311833563
278.0	0.06308522968505097	0.34287248887842975	0.0006232207361464041	0.11122864385777385	0.004513237189248564	0.4776771796533506
279.0	0.5437647113132139	0.07820045690847355	0.16424224869086992	0.1633400059305116	0.04660474900871357	0.003847828148217501
280.0	0.21041056763056332	0.3808729413724161	0.0054111983198210055	0.13909875508011332	0.024865814070547984	0.23934072352653832
283.0	0.39998133038409694	0.17197617843955365	0.16291756319798303	0.23793745220777546	0.02567359230564808	0.0015138834649427568
289.0	0.038476637478077676	0.7812669017933508	0.01088193859683729	0.11024292169853374	0.001776889312036981	0.057354711121163714
290.0	0.10256704935479154	0.4196579456570282	0.013092610933880273	0.327182958856653	0.03504168548021077	0.10245774971743608
291.0	0.04865984992170412	0.7541593326904503	0.009721650172984864	0.1517268163229464	0.005407942197980078	0.030324408693934286
293.0	0.018976942132828613	0.560100953142826	0.0009871546231715218	0.15459464268071968	0.004893110136951657	0.2604471972835024
294.0	0.00821691634946025	0.24577673928348934	0.00019114006225781182	0.20257707879465167	0.012555604846605997	0.5306825206635348
295.0	0.014154427857920121	0.5582805323953083	0.0011294014096665294	0.1557246752454312	0.003357927459525804	0.2673530356321481
296.0	0.369281981174124	0.25476620004760325	0.008822520259066133	0.08504034100713788	0.010265777660979067	0.2718231798510897
298.0	0.7570445315755056	0.013021080395241896	0.04471948322743095	0.062378804530807755	0.09562257874471254	0.027213521526301233
300.0	0.22817990016703674	0.49950406108496204	0.08160614268212424	0.13806775657681658	0.030391600932998707	0.02225053855606175
309.0	0.009561976221366291	0.49071392517034756	0.0004015520870627685	0.20036377226951851	0.002699224700091586	0.29625954955161327
310.0	0.26052898481854553	0.19087786437997684	0.009439404104662857	0.1702233730775681	0.03284618659842519	0.3360841870208215
311.0	0.5868087418929574	0.038103671247334985	0.009167387738005876	0.1588956253121497	0.06373524513409871	0.14328932867545335
313.0	0.39769336190113885	0.17787779005765694	0.09364520492365604	0.15992643148529845	0.13420304165489613	0.03665416997735367
314.0	0.08318112017895293	0.7011854135898057	0.09659447840271253	0.11220600312853617	0.005265745326501189	0.001567239373491421
317.0	0.47936738683846464	0.03990532951771111	0.03756547548466868	0.20930526610877107	0.1818484045343228	0.05200813751606166
318.0	0.41295813297467376	0.32318905639724615	0.022017326812606798	0.19586976908867973	0.023301130176497372	0.022664584550296085
319.0	0.2549206328353001	0.2928190193592435	0.14384506453001777	0.2573234807809092	0.04188878265219728	0.00920301984233212
320.0	0.2929203891876068	0.3209160677625013	0.1263352114308939	0.18811516448830273	0.052965334935004604	0.01874783219569047
321.0	0.05571615120910713	0.6260373566165239	0.002899549147696763	0.20185384909223866	0.004499779260353624	0.10899331467407986
322.0	0.019812440295887846	0.751197332988354	0.012222170055824367	0.17820656958449552	0.009524635224373766	0.02903685185106434
326.0	0.5210572545129846	0.12166715300755332	0.17869578522372773	0.10281651269893348	0.06962305196784546	0.006140242588955372
328.0	0.6896857721930882	0.07871742507207281	0.14249318997348004	0.05140150419573934	0.03330361318733683	0.004398495378282829
337.0	0.13777056214620412	0.6887904921528384	0.07171054089012488	0.08856032942107014	0.005656066865205698	0.007512008524556761
338.0	0.33812948784015123	0.462632040872371	0.01908913071487456	0.0577566210612552	0.002327403466091201	0.1200653160452569
339.0	0.5441672810713387	0.12334246624897875	0.21883045687465577	0.10163312444203544	0.011434496555487441	0.0005921748075037157
343.0	0.3306957570467274	0.42575047492642043	0.09630880072119744	0.1371524905353735	0.00865470228769931	0.0014377744825819023
345.0	0.5527528160483187	0.012730330183448067	0.19761262311028854	0.12830914970679602	0.10841490342587962	0.00018017752526902145
346.0	0.18817737277157598	0.5349266277410332	0.09872847801704117	0.16685860070992362	0.009451920800638294	0.001856999959787889
347.0	0.16591578170185217	0.6261343669777698	0.055638022816410115	0.1332872762272868	0.010546162766051113	0.008478389510629855
348.0	0.10429026550216691	0.7628226484565033	0.023236343463759458	0.066318735723845	0.003233555118244361	0.040098451735480975
349.0	0.6063456942744497	0.2617485258088902	0.09693589335298705	0.030237911949300453	0.0022342551506512077	0.0024977194637212743
351.0	0.135695341447096	0.7163773476330182	0.014558158781943538	0.06872924330184331	0.003839270466271104	0.0608006383698277
353.0	0.4866931505651224	0.3208631450099398	0.04173588186236115	0.13239037119010788	0.011099344347433955	0.007218107025034917
354.0	0.12640305717931155	0.4406259037743964	0.24819389775356065	0.17100941319782548	0.013539693149582824	0.0002280349453232289
355.0	0.4898268752418607	0.17187209232596862	0.28836739856403454	0.03975147560517017	0.009140738669809982	0.0010414195931561874
356.0	0.4448828396746427	0.3890098838854255	0.021654120108078552	0.08215771143336759	0.008978416008183507	0.05331702889030216
358.0	0.5379720713063002	0.34681409133053237	0.06221598192531746	0.037873122152545846	0.00437909714518716	0.010745636140116775
359.0	0.15124224249793244	0.6233028728776154	0.03172344643059633	0.16514944110839405	0.015378045304481006	0.013203951780980576
360.0	0.10422997272477541	0.6979197072129176	0.008780079464480367	0.09862496133682001	0.004203261890458679	0.08624201737054789
361.0	0.1403153974135167	0.681544435549503	0.0061229791202546706	0.11167769196576814	0.0027176559840744446	0.05762183996688315
362.0	0.09775263564089769	0.6357478104566425	0.011323968851106692	0.1953524418706284	0.010346034399869296	0.049477108780855254
364.0	0.31870953905877636	0.5756469786717328	0.04169518649562682	0.04021868940361223	0.0027802918454250887	0.020949314524826658
365.0	0.12550211916547138	0.6463476762283232	0.018906445467019268	0.11505809163756377	0.02020751889251292	0.07397814860910938
367.0	0.5036054704826632	0.20268303232929363	0.133330509425765	0.10834044158693759	0.04407824534927007	0.00796230082607048
372.0	0.21857733131877494	0.41213673480600965	0.05261561854405101	0.2589327499280165	0.030436450691722874	0.027301114711425017
374.0	0.5101427700118457	0.18378333630501334	0.020592958125996572	0.09915405585073926	0.024302672418638448	0.1620242072877667
375.0	0.0801841376705512	0.44009224355973947	0.002518224437730726	0.20635198261229457	0.006667692460193218	0.26418571925949086
377.0	0.07794047193844955	0.6263069500225054	0.19799510658625344	0.09481238593171608	0.0026294187960059553	0.00031566672506949987
378.0	0.4388665712077442	0.0675642634605498	0.33519235898049676	0.1077359553624471	0.0503618870340283	0.00027896395473395
381.0	0.4138614966302422	0.2796823763603147	0.26709615094027445	0.03613549912841454	0.0025888003197777946	0.0006356766209763934
386.0	0.21714563029885472	0.2808847424534267	0.001641281849274025	0.017991911158208508	0.0015229210084439732	0.480813513231792
387.0	0.3286987395116936	0.23210751452686407	0.006513996911933052	0.025801694776485487	0.006252013087861714	0.40062604118516193
389.0	0.07007349021875883	0.5168877210140924	0.0013554506545994784	0.1341938751207483	0.008274180904026804	0.26921528208777423
390.0	0.17529958902044113	0.599387673577103	0.010025832383560439	0.1184220418389438	0.009856932045915801	0.08700793113403574
391.0	0.4608255533793932	0.1608448534202596	0.10311869534511874	0.21117448184332993	0.0570203445146227	0.0070160714972757636
392.0	0.2667483120089416	0.12803142740352505	0.004646789834026238	0.09785536124044716	0.027552765462971678	0.4751653440500883
396.0	0.1658338088811642	0.36202389260360596	0.022998531252256402	0.2878132197248914	0.06489373499005117	0.09643681254803081
398.0	0.4798948042186413	0.37742529316464396	0.07687782777471504	0.05667292487943972	0.0035699800071290447	0.00555916995543094
399.0	0.33010889417387373	0.4137726775668318	0.0433138120988273	0.14059779747560414	0.03904847759149689	0.03315834109336612
400.0	0.09645955928492245	0.07596529060291571	0.5416561691382191	0.20487492300528298	0.08102840297492302	1.5654993736772147e-05
401.0	0.12005049035023375	0.6670920872360551	0.013394295913117997	0.15837851559916066	0.008499581696329878	0.03258502920510254
403.0	0.25369626840840703	0.2822698727640982	0.2248857638365389	0.21166810005527284	0.026730300583708143	0.0007496943519750357
404.0	0.08585160140848158	0.7157438301878699	0.01650918314613686	0.17081630508483125	0.004843813209490696	0.006235266963189618
405.0	0.1592027002555465	0.37193355041668735	0.16338980233884054	0.27070966034326355	0.0314572933376427	0.003306993308019444
406.0	0.16273799193016977	0.5983992690718131	0.04329290434852192	0.17463901055789394	0.01510116801201939	0.0058296560795820076
410.0	0.10290744866724966	0.5489637218385217	0.011704164242337462	0.2587444775344805	0.013423211559771804	0.06425697615763894
416.0	0.08630931235491522	0.6081042791881305	0.011388787494967878	0.19940645648942168	0.019010515174077463	0.07578064929848718
417.0	0.06902827113710622	0.7222097870237567	0.008793643114279054	0.15705790188110527	0.009667062078882484	0.033243334764870285
420.0	0.019499195080616146	0.5503543017754553	0.04253304528693617	0.35724790992378574	0.026031417194181616	0.004334130739025041
421.0	0.331466911683533	0.04264644039497533	0.1555239841541802	0.369947568951704	0.09946072416836847	0.0009543706472390554
423.0	0.4549373772407868	0.28435661434503273	0.014076655523892452	0.10403474960711356	0.011790068955182382	0.13080453432799216
426.0	0.541317172043698	0.13394237591391414	0.0535620590025997	0.2029173688997642	0.06251746955061854	0.005743554589405447
427.0	0.09445099588576926	0.23774895911229005	0.0002635957895163041	0.07772415943902501	0.004078087750362081	0.5857342020230372
428.0	0.04691900809748718	0.7021158011269651	0.020497801999185366	0.20133648527337775	0.01275336212181582	0.016377541381168825
429.0	0.12218433295697695	0.38624226630595787	0.040835254460033596	0.33192494424718066	0.054476856194434244	0.06433634583541663
434.0	0.2858886557581727	0.15194191446414068	0.07695093720105965	0.4031875633774189	0.07838585427155306	0.0036450749276548686
436.0	0.513496721856248	0.10049786186946498	0.01565519369923136	0.08810047821695356	0.04991963799035781	0.23233010636774437
441.0	0.07398637032633429	0.1484457799352265	0.0007074037650586335	0.16073312425552552	0.017109315171409623	0.5990180065464454
443.0	0.08397625727289515	0.6300908301771776	0.015841381779048362	0.13564162357195955	0.020269294802742147	0.11418061239617729
444.0	0.1298923097148268	0.45078394183708836	0.0215903646546817	0.32815511080374393	0.03747722253829969	0.03210105045135953
445.0	0.1469477471016225	0.5017815468117983	0.14121180428345165	0.1716875133395447	0.033656612315969676	0.0047147761476131035
446.0	0.09332056107893354	0.5306270721308125	0.02474591953397675	0.25285429001538196	0.04451716906063659	0.05393498818025871
447.0	0.10033766902371001	0.45230607532523176	0.06600804177143302	0.3334975363039279	0.0373740643165456	0.010476613259151658
448.0	0.15903842269979043	0.022830510299903475	0.015765392092484024	0.296772907467278	0.4017215127378567	0.10387125470268727
449.0	0.460874671032382	0.033777593766309316	0.3778506843077322	0.09604349400575082	0.03121564066064339	0.0002379162271821573
459.0	0.07116393389007296	0.37199512764047055	0.0009928671386916239	0.11853905040065055	0.006892676834847922	0.4304163440952663
464.0	0.01189040657225545	0.6568965574774046	0.028108794424743875	0.2666334128386882	0.026907806882003494	0.009563021804904374
465.0	0.23523518022791848	0.5167733880227756	0.014398238641929434	0.1525531822883103	0.00874670611680531	0.07229330470226093
466.0	0.2758108213996599	0.5025464196166881	0.06875846933232306	0.137791505564064	0.009407231434256754	0.00568555265300814
467.0	0.3519215849950825	0.3157964466774999	0.304415414422026	0.025576606730931137	0.001962318576761755	0.00032762859769869745
468.0	0.46112179807985015	0.44396377883729493	0.043722426580590994	0.04107153773289121	0.0020359786588173994	0.00808448011055541
472.0	0.31093559941366167	0.3748887730906013	0.2089832105643647	0.09495337777776623	0.009684095290077665	0.0005549438635285405
475.0	0.07177584706900299	0.6867087684299434	0.007098435444608952	0.10872446788451251	0.005991527351524237	0.11970095382040799
480.0	0.18884450493993823	0.6775381233420483	0.025178234642322796	0.09276477184977878	0.003281026672913567	0.012393338552998255
482.0	0.09770011157996562	0.7669081407497974	0.035077815442714065	0.07752901355695294	0.002157400654634159	0.020627518015935934
485.0	0.4718354570993519	0.4526469722432732	0.02655421441897512	0.03881095778147676	0.0016703719546412401	0.008482026502281711
486.0	0.5158790185667648	0.29216425095617116	0.0951786333496506	0.0826956491974847	0.012298469049092101	0.0017839788808367112
489.0	0.21944000456016247	0.6035221192338117	0.05729893981665555	0.11057643312788447	0.005882022991927457	0.0032804802695582244
490.0	0.6976182306299663	0.043990799734771324	0.19037609623593327	0.04919829729224255	0.017355570065397462	0.00146100604168912
491.0	0.602896231574254	0.23321588561685241	0.08895655749788899	0.056592319546570416	0.008424174697247624	0.009914831067186623
492.0	0.6558623247311665	0.03467632092539261	0.16013212054194154	0.07513251452097741	0.07163801976008267	0.002558699520439215
495.0	0.04081386709940409	0.7115994467905675	0.004399538798242506	0.14822543785430248	0.004861347642630845	0.09010036181485241
497.0	0.02167787408529294	0.5698742217340935	0.001739103410342003	0.08249562764909847	0.0026939761352172153	0.3215191969859559
500.0	0.5871580645074621	0.15977984029135922	0.052362703639633905	0.10472888237806686	0.051739846459121226	0.04423066272435673
502.0	0.5625387147087691	0.2708917916515309	0.08166468842978838	0.07284872573271794	0.007952383243750657	0.0041036962334429425
507.0	0.15438246452334517	0.6042265781424667	0.09111101689273544	0.14589432618244738	0.003764325182199731	0.0006212890768055717
510.0	0.49986238401547156	0.12982632273666328	0.19680991675950663	0.13082053780292108	0.039919847707172995	0.0027609909782645983
513.0	0.07174339504298004	0.5771267577738428	0.00552207512667704	0.20856415568964917	0.01083948598709488	0.126204130379756
514.0	0.07293799428513964	0.7415059524468163	0.015077963886204769	0.1589187116302012	0.0032592980412797616	0.008300079710358387
515.0	0.11137348516134968	0.7269287035784183	0.02055470520955448	0.12191056227945175	0.006532212611322355	0.012700331159903487
517.0	0.039873283515305176	0.7147343993306406	0.01578871343019833	0.19470340292376304	0.010428878801944427	0.024471321998148384
518.0	0.38347911608503543	0.34537283598778945	0.031686860255680155	0.15363891058049622	0.03205911392776514	0.053763163163233464
521.0	0.08943501253401027	0.5721141413863762	0.06568461008532953	0.2379515481363328	0.030835408162618722	0.003979279695332471
523.0	0.6197116951773767	0.11982593386128397	0.042031388782107805	0.15617194856957006	0.03206480248530421	0.030194231124357474
526.0	0.6019988694854841	0.14308332095970597	0.007813037242899572	0.052662462720769965	0.0075851399009855686	0.18685716969015492
527.0	0.4170540636180889	0.26075707467461906	0.12174571779027941	0.17988609440134998	0.017338946898127004	0.0032181026175356403
530.0	0.16601428189690112	0.2714819579581522	0.0014554671331931581	0.04892808180999272	0.004681421992725619	0.5074387892090351
531.0	0.018201187867724924	0.6868752179124411	0.005068971719697205	0.22912924950661462	0.005977874329256565	0.05474749866426543
532.0	0.007422849712293111	0.66655681207144	0.00832803513531037	0.3051560675964953	0.006206979714112723	0.006329255770348595
534.0	0.03522375433996701	0.27696031610193833	5.232856417990667e-05	0.0748460539937196	0.0050865647917608765	0.6078309822084342
535.0	0.02188191080492607	0.7363492596226385	0.006772660083349598	0.20367100206703898	0.0045006050212256414	0.02682456240082115
536.0	0.11179572355660632	0.3526794515436612	0.0013544094378966063	0.05393952943477186	0.0026680430897953267	0.47756284293726864
537.0	0.07038158518620348	0.5851337405804007	0.005604880764869106	0.19358214497587564	0.01296375174939473	0.13233389674325638
538.0	0.09079795341908992	0.5912009648836188	0.004508575022999583	0.12328833037510309	0.011378702259108904	0.17882547404007956
539.0	0.13128767202963473	0.6697786208019599	0.014460258712524985	0.12763721625494243	0.00500168674645595	0.051834545454481996
542.0	0.03597539601853637	0.521001152082683	0.01629475907490383	0.41740211254829	0.005271710382861105	0.004054869892725751
546.0	0.025044656672433673	0.5204424115934588	0.006145992512816268	0.30758702977171587	0.03333490742691498	0.10744500202266043
547.0	0.06410131357702101	0.5238518333596187	0.004223190970803786	0.21389546661558395	0.013034669339905783	0.18089352613706683
548.0	0.029799527243974434	0.4121511363515244	0.0009276687143387633	0.0915775710707312	0.0026913785840048175	0.46285271803542644
549.0	0.041955896692624686	0.22973652385018647	0.00038006791406584005	0.18768009833343766	0.011938720835029103	0.5283086923746563
550.0	0.031263657511038545	0.6589896714002806	0.0036435684613209634	0.2680162202547233	0.0045605805886395874	0.03352630178399693
554.0	0.059295819697950516	0.43939478623542927	0.0006377335751898954	0.0856492283247993	0.0012748500194052783	0.4137475821472257
555.0	0.016061153769599917	0.3997632363334821	0.0010890536785686492	0.21093393093758764	0.01299467132071109	0.35915795396005057
556.0	0.02171908729366983	0.4028740596449878	0.0009454967027675868	0.1904940780559599	0.014130431716907697	0.36983684658570726
557.0	0.28435288691319544	0.4390387182952074	0.04639189348054106	0.1877725181827237	0.014377143412469868	0.0280668397158627
558.0	0.06687398035619313	0.23574422256114336	0.0009753421562745435	0.057058779226224154	0.01221366373840875	0.6271340119617561
559.0	0.036907509192688086	0.014426454106589437	0.001006393634398447	0.15449131640340275	0.1883889142755014	0.60477941238742
560.0	0.47342078889376404	0.034326491244057095	0.019326145030668224	0.15955429795659282	0.13687422463811721	0.17649805223680043
561.0	0.3068143118820669	0.34085742448396406	0.0045106638290310155	0.11069890537971185	0.015278030131410271	0.22184066429381594
563.0	0.21197646872537856	0.1892453078005988	0.26239088069830674	0.2624967430995004	0.0736264494720205	0.0002641502041951197
564.0	0.16239651872149274	0.5082695355413014	0.1370899723820315	0.17658222967912726	0.01513417422164983	0.0005275694543973346
572.0	0.13500833372885845	0.4799687952571013	0.004353890833918135	0.07676928703895418	0.006149457813263685	0.29775023532790446
577.0	0.4544714437342981	0.056975241657284854	0.15083411548710873	0.21853418160921487	0.1179120292156728	0.001272988296420605
581.0	0.6437761995818473	0.20331863362416558	0.04055063025303878	0.07827115552215347	0.020512109727086097	0.013571271291708951
584.0	0.2403495897416193	0.6354129664423898	0.03924143444100754	0.07020904545718273	0.0037945892198314652	0.010992374697969109
586.0	0.17411108672896505	0.6158291708804936	0.024274205876200737	0.12918490836415586	0.009986328517278313	0.0466142996329063
588.0	0.12451283763324063	0.4881534686491725	0.0019779734592991318	0.07352415693917973	0.0033501148581559104	0.30848144846095216
589.0	0.029170786231756056	0.6213772620797131	0.002945559093979176	0.14457684925727413	0.006727144087670339	0.19520239924960722
591.0	0.526273855063586	0.2770221767823741	0.16012917451216677	0.032548909121598475	0.0033366562214871957	0.0006892282987874144
595.0	0.1519109595742968	0.5731101641354692	0.02013028144756577	0.18923491303931908	0.015009218632937053	0.050604463170412
596.0	0.019854961005063492	0.580312024098518	0.0014627903327883763	0.10900577441716676	0.00407001065004576	0.2852944394964176
601.0	0.2927440553463283	0.21383032459313367	0.3142395028843883	0.15344889171396692	0.024794695535415488	0.0009425299267672788
604.0	0.11585927290928633	0.5225221386909432	0.04904307510074439	0.29339447383562295	0.013999995137545228	0.0051810443258579015
605.0	0.06797262626669336	0.25836159552297017	0.0005476902990486132	0.05966855740750989	0.007221414384175671	0.6062281161196023
606.0	0.06724550095936226	0.1498287926744395	0.00029306323858477453	0.11395110702353757	0.012970823373893409	0.6557107127301824
607.0	0.08842813552548266	0.6408568685974884	0.07743450494350956	0.18534228460648386	0.006341233648471914	0.0015969726785636442
610.0	0.1477208981224466	0.6292111465042273	0.008313940474917878	0.12702775138941141	0.010199505396163723	0.0775267581128332
613.0	0.4841427741858985	0.305718046584009	0.046633878546018165	0.09613453302895937	0.0249897053510437	0.04238106230407105
614.0	0.2266984822329288	0.6396944314285712	0.015859238173822985	0.06878302657973859	0.004026895975093389	0.044937925609845004
615.0	0.15099097491207095	0.724171184010397	0.027379834917216017	0.07561959555625695	0.004458569589886339	0.017379841014172632
616.0	0.019595744392872885	0.7396888569787731	0.011732631804072932	0.21224343437522666	0.0029121431872262994	0.013827189261827995
617.0	0.024235810721506063	0.5307472535976009	0.0014880397335076238	0.1975685518646035	0.012168205651209007	0.233792138431573
618.0	0.019770384993919088	0.4488395748748555	0.0012122412152578024	0.14091120487992442	0.006337012422922252	0.38292958161312085
620.0	0.6205381135889799	0.20834963025547076	0.031064302973027962	0.09332457940609556	0.018418303200716926	0.028305070575709072
621.0	0.04878453458538167	0.6645054868549892	0.008706651344995127	0.18058891979791197	0.015466907939141435	0.08194749947758054
622.0	0.22950171202542496	0.520795435802551	0.010585744867862349	0.17956856933055113	0.015838239547614114	0.043710298425996316
628.0	0.05953762355267555	0.6074071375301714	0.0034377292466368507	0.13051601703773788	0.003363550309292124	0.19573794232348626
630.0	0.33053270954929165	0.1523140476232691	0.14541078194938672	0.23609055283196553	0.1290692983873643	0.006582609658722573
639.0	0.02997697289769668	0.7564047370919648	0.011773760464298589	0.19215448762620566	0.00273925958764574	0.006950782332188443
644.0	0.1791481799002647	0.6436481200948213	0.05873266878328873	0.0954608499036771	0.007391976833310616	0.015618204484637566
647.0	0.3464898964342391	0.33068404089598397	0.006446305142284218	0.1002520885200413	0.007856574999979014	0.20827109400747237
649.0	0.03668617879824706	0.5908336188472738	0.009095530776567965	0.30318236290505807	0.016266704406700833	0.043935604266152214
650.0	0.09754249617605795	0.5925120498087323	0.01865904597336041	0.2514089041125308	0.013704534901106446	0.026172969028212093
651.0	0.005580015570625517	0.6974497570949973	0.005614091700124221	0.2778516849040319	0.0022381528849978027	0.011266297845223195
653.0	0.0644652738391044	0.5514751666505456	0.0035096544333202083	0.08540342423631793	0.00530488734789445	0.2898415934928174
654.0	0.026502999264372513	0.7021740298775586	0.01730280811359637	0.2280386181597013	0.013541518973899281	0.01244002561087207
658.0	0.32596851901437407	0.04967365007882936	0.15618278502116348	0.3053972946435408	0.16145458342158783	0.0013231678205043638
659.0	0.33795032082884374	0.022449540570886696	0.13662940516702043	0.2859418914397776	0.2160283041863404	0.001000537807131119
661.0	0.03261185176012644	0.13630260015039097	0.00037887321629001216	0.11084157043526903	0.01343267533051079	0.7064324291074127
662.0	0.0330200470926003	0.7528862079959361	0.006559216770264304	0.19042535542717295	0.0009406191509765797	0.016168553563049835
665.0	0.25327920393574327	0.40496052102768826	0.08332348824576265	0.2402081418640427	0.014629857653729797	0.0035987872730334205
666.0	0.17934874263462744	0.2405639364574964	0.035730847143409225	0.39927567407807946	0.0992852641758182	0.04579553551056933
668.0	0.18327086498818387	0.3483012654879749	0.005630825813517737	0.05367031533683142	0.009872462574700548	0.39925426579879153
669.0	0.27088573393330134	0.034210397492698025	0.010333465016767303	0.26355274196260253	0.15148398980823444	0.26953367178639626
671.0	0.2151323950325663	0.6132729830110942	0.01828109050747395	0.0920247648851498	0.013645829979685251	0.04764293658403051
672.0	0.30478873984118277	0.1762976219100952	0.11653117604714176	0.3192165567996764	0.0797523556522092	0.0034135497496947283
676.0	0.1472728484131647	0.5093728897048059	0.2545133404073073	0.08552565870847478	0.003068375008289471	0.0002468877579580103
677.0	0.04684285712580321	0.5828342279447902	0.006510858099321675	0.24528086187948095	0.01593919121160255	0.10259200373900146
681.0	0.5805249163465642	0.020613689672393954	0.06531164604688536	0.14962813764706812	0.1722651527368208	0.011656457550267537
682.0	0.48066194401876133	0.18856878809082425	0.025034624114067826	0.12988804860776607	0.020652126136939404	0.15519446903164105
684.0	0.6068858946835066	0.14104844252468995	0.13992634912101448	0.05313912027403128	0.04428302063257781	0.01471717276417985
688.0	0.2376540639181389	0.26295712353346296	0.21851750390961916	0.2539929734372731	0.02582270224728452	0.0010556329542213338
692.0	0.46480627857819035	0.4396802138010478	0.01694903964817894	0.030549498693537146	0.0018988872033460823	0.046116082075699644
696.0	0.32598080150941683	0.05315450657500096	0.5603437033808926	0.04810390401665113	0.012405357216554311	1.1727301484060056e-05
697.0	0.2140857069791175	0.5051328943935399	0.046326038703640646	0.18862274165285653	0.03331102255184957	0.01252159571899582
701.0	0.08175849978477942	0.746528758627162	0.03254864589643129	0.114494060646665	0.006972676713562927	0.01769735833139936
708.0	0.11960206901963515	0.4661836832839685	0.01020487257051726	0.2215924390361223	0.04912860936104688	0.13328832672870974
709.0	0.6339171118315178	0.2366912233050909	0.10493129065412155	0.017268170453751442	0.00248364522644204	0.004708558529076305
712.0	0.1384445628631045	0.6684205748940548	0.007235019690475515	0.1395038958544621	0.006451341044144129	0.03994460565375889
713.0	0.1325413992248784	0.6872486750243756	0.01314246895040275	0.12651249761991912	0.0058406492506938865	0.0347143099297302
715.0	0.09731804610463538	0.5178893349550324	0.007233303710317799	0.13523077587941826	0.015828160522800876	0.22650037882779522
