label_id	epithelial	neuron	gut	secretory	excretory	dormant	chaetae	gut_cilia	gut_epi
3.0	0.30556047567874994	0.029680390992959688	0.08213040091355384	0.019782218352729673	0.014593343083082657	0.00023444021455283235	0.1918642428682358	0.2495452920132339	0.1066091958829016
4.0	0.11916356421468598	0.20587504077197774	0.043977135323438825	0.06324983244017277	0.010796848694609692	0.000541935830982131	0.11073538170119261	0.2376289698038279	0.2080312912191123
6.0	0.30228899683266514	0.0318352623583543	0.01787987307755168	0.06442725732353685	0.08664668681277926	0.02041530836541395	0.16748803437086945	0.11686230843414791	0.19215627242468142
8.0	0.23455859756403366	0.0439773588142531	0.04806526992016335	0.04279903641466567	0.02941790585332161	0.003713523868005091	0.21410695521178938	0.2156694653965167	0.16769188695725148
9.0	0.1867826605831222	0.08861015215075854	0.07838395230926669	0.020147091711856017	0.011688022626535162	0.0003556877578375441	0.19042838857585467	0.29401727339646944	0.12958677088829973
11.0	0.03168385237734086	0.2997820239273815	0.007805920191268144	0.04184115499330058	0.003421731065253037	0.015384349715457647	0.19406399162976315	0.19422409622954454	0.21179287987069068
14.0	0.31203985074357626	0.030732538829134754	0.018129916283186852	0.020598145272206207	0.01986758007460582	0.0028677161755890695	0.2689719569724652	0.19188297721529213	0.1349093184339437
15.0	0.06606423669680599	0.10883948979441155	0.04337856471308349	0.10381786527004563	0.04887398806263346	0.004075893416216221	0.23705588406256028	0.2389891921071707	0.14890488587707273
16.0	0.11986978379320894	0.15398189848489588	0.059664236023128966	0.07519870388018769	0.018960921546551882	0.0004560245142186288	0.12511228909494423	0.26336410214171424	0.18339204052114963
19.0	0.1930944983925431	0.15464911084082253	0.043010367219221156	0.06742485809322961	0.03566344413558261	0.000511227273649714	0.09076770752593483	0.19012643942855392	0.2247523470904625
24.0	0.36385603286448137	0.00010118787584305313	0.09515808198906353	0.01702715160208058	0.33447588920463295	6.783471156102393e-05	0.11612650320752799	0.057546851742892396	0.01564046680191726
31.0	0.07930263402103599	0.12755223505219684	0.07965202976549482	0.16692403635364453	0.05196509084281221	0.0006815541071631932	0.05462057650893279	0.17067992270600785	0.2686219206427119
36.0	0.2202311137320081	0.0016111403610831537	0.020015303935534204	0.12485263146347135	0.500890425830321	0.0012840731087979404	0.04344146525791683	0.02987587820945629	0.05779796810141138
37.0	0.1340256787153135	0.006405404537774412	0.046840137203111566	0.3011026060988824	0.2966675767642417	0.0006573378662718901	0.04390709914716063	0.06946610212446588	0.100928057542778
40.0	0.18567143222149396	0.05577327616565717	0.009344921191393529	0.03590112832093355	0.036626591708794926	0.0396815388144039	0.3150296035332052	0.15710363723802523	0.16486787080609253
41.0	0.05551343969789716	0.20383877260556038	0.03667975770388206	0.05232209479183387	0.009239995826126387	0.0016028701182908907	0.19520248023756365	0.28655727626989297	0.1590433127489528
42.0	0.29446866633031366	0.011176460373012365	0.03500957420312286	0.07609731470940206	0.09738804007766003	0.00514775666294171	0.22222411903336983	0.14015681234389893	0.11833125626627844
46.0	0.08187052255481478	0.004991785369519305	0.008489122289221806	0.41814885354016096	0.2795712196717075	0.005997049658007134	0.059637373336047544	0.039230705059344825	0.10206336852117609
47.0	0.3850232574611786	0.026106109249533355	0.06007692331751667	0.04402417014848045	0.040643538475716924	0.0006689103652564318	0.10801792973818829	0.1614435356776301	0.17399562556649917
48.0	0.07317846626215188	0.12388383943727682	0.06474733336820387	0.052353103717487394	0.017515695966391083	0.0014579937960453964	0.2529720620209172	0.2957820455411144	0.11810945989041184
50.0	0.15540524887569387	0.02754406009691538	0.027024403801618302	0.08790074240606144	0.035743674685064945	0.004594021232412658	0.2813346852510937	0.2208886358039529	0.1595645278471868
53.0	0.19101183989833473	0.09744606807718541	0.0495878568234573	0.04190548979132967	0.01439167795086465	0.000385499254061623	0.10178373051046138	0.2423645356426062	0.26112330205169904
54.0	0.19276466636614398	0.1339329722004769	0.024744525447512957	0.05739663207341083	0.03420788515327566	0.0010458416805988592	0.086048069081559	0.18218403761604832	0.28767537038097335
55.0	0.1135856192603298	0.08082496002244974	0.07059114331690555	0.07009901635393635	0.04329271867258312	0.0010073303236222775	0.2243080879616146	0.2724749672109869	0.1238161568775717
56.0	0.04410474872547066	0.2721449184038453	0.015267434818112761	0.19200007000080918	0.018424792190286848	0.0009751906442072119	0.02026260213290566	0.08496820951495378	0.35185203356940864
57.0	0.10643321711284912	0.1067079586794987	0.07845995178157655	0.20455970345140728	0.07123366806088476	0.0010657778971049703	0.05139732147459967	0.15290632237543372	0.22723607916664523
58.0	0.07937030461500806	0.09805725315784698	0.11307364154269205	0.30831809292391443	0.12493388749015856	2.4025552760141917e-05	0.008156775164035911	0.07980688124509709	0.1882591383084868
59.0	0.13763756814567596	0.03968656194833452	0.0379790426120398	0.20813895511685154	0.0848868571041913	0.002404298840115431	0.1686498247765208	0.1726801910100835	0.14793670044618704
63.0	0.17912237814318704	0.04481019050161571	0.06708899022219611	0.14457832314888158	0.06322825210146421	0.0006867475982702208	0.1246099831371368	0.18236960968360325	0.19350552546364505
65.0	0.13983413951074794	0.0461687749691363	0.01593518395983461	0.08828429132422935	0.028302906698271218	0.007079272171275917	0.2691261712825955	0.20864494042040535	0.19662431966350372
68.0	0.055926002562344965	0.19427946258976989	0.025181665949956883	0.2052625782209636	0.013452348527282734	0.0009045277458024517	0.049684505916178116	0.1543446422775084	0.300964266210193
69.0	0.339042559638095	0.05470027646118725	0.0514820002207408	0.10686729029938366	0.06382032226279603	0.0005733900405093627	0.07181569424047388	0.13165700894763008	0.180041457889184
77.0	0.2262781830111154	0.0037003998286673535	0.004407876576186891	0.1229426246498317	0.15632185501509382	0.0476097515060592	0.2542482779066856	0.07132892676107987	0.11316210474528014
78.0	0.30482178558266276	0.00382025909897951	0.0661172388928454	0.05290122364789764	0.12525837560512987	0.0010779351193515169	0.2107501752579824	0.15147764721668375	0.0837753595784672
80.0	0.12666780520763815	0.19191059166300944	0.011550646986034068	0.031072864272299567	0.007617693476213207	0.005172901609081349	0.1805503289197564	0.20834474353266633	0.23711242433330154
83.0	0.08814694655459973	0.2623343277511183	0.01971627334517846	0.027976125044882345	0.004330269631729185	0.0010216275041672923	0.16009065642168688	0.2473116804906387	0.1890720932559992
84.0	0.10752734271523978	0.2207497661873506	0.05696044180405505	0.054651504938890504	0.008085758263052804	0.0002840757134729034	0.06053555831167233	0.21561451538828785	0.27559103667797813
85.0	0.15819580199131483	0.055840667915918046	0.046140340777487715	0.010791323772762615	0.005771993631871675	0.00046211160963926406	0.36441926309183864	0.2890813877286206	0.0692971094805467
87.0	0.20606099840361558	0.07458525316867273	0.07917165910350592	0.05518854016655283	0.06096089074438891	0.00014797624704457677	0.12571961536667983	0.23262777481474767	0.16553729198479192
144.0	0.04617586719862109	0.2527620623058948	0.03634014578178594	0.07585084092223136	0.009648455062409227	0.0012244304950338237	0.09654609928943361	0.21862685498281165	0.2628252439617785
145.0	0.03921716224320096	0.28578945102518377	0.005589910572564059	0.13143121192559568	0.011781628019230817	0.019103551051454296	0.06558738616004645	0.09861072269762129	0.34288897630510284
149.0	0.09361872012339699	0.08012994255966376	0.028170003832178814	0.1564134385133223	0.08252674712380136	0.007265993403233099	0.235011725012426	0.1693794503394894	0.14748397909248837
150.0	0.2957304263150549	0.0053310662561503385	0.03458996432282125	0.11249227775831647	0.2101240766333411	0.0016470837979786536	0.10470420786070798	0.10233684128255591	0.13304405577307346
153.0	0.11300949028306856	0.020332152049931402	0.001157461584722022	0.06736398198754685	0.021382423150457734	0.265547513814741	0.22945271068787404	0.07391936465954407	0.2078349017821141
154.0	0.005295783748323107	0.1852636546451916	5.4903215507386275e-05	0.03330837210932216	0.0004887336021791605	0.46054287404627436	0.1076701467231474	0.03371442264591306	0.17366110926414177
157.0	0.03987560785365553	0.2260645035548331	0.006709055759638291	0.18910917686812978	0.020310515347375668	0.020666397762994154	0.11386350156860346	0.12249403299491661	0.2609072082898534
158.0	0.13407192594479483	0.07304758549179376	0.2590110299678616	0.025807902250058332	0.011927812160678496	2.2160368556516718e-05	0.06561426165738604	0.2940427105637443	0.13645461159512612
160.0	0.26572467391726595	0.016389752843580557	0.011919905540947273	0.12571108349410356	0.09723251635761485	0.02246416846496727	0.1316779338452328	0.10120385227749014	0.22767611325879772
163.0	0.14803703857467393	0.07381447014090328	0.03351121701251688	0.04040954350539485	0.021320828567520152	0.002031565785559531	0.2596449436876347	0.26042377234184433	0.1608066203839523
166.0	0.044983377743668736	0.22387737748971434	0.044206357210872266	0.16436291583201196	0.02684628340033656	0.000875565695631612	0.07869953716452653	0.19965893256256828	0.21648965290066968
168.0	0.029691255813092305	0.19066947666664252	0.008089950892919175	0.10542067198060039	0.009314284402674157	0.013831144340675922	0.27948441080657777	0.20299283205379343	0.16050597304302427
169.0	0.15482241926603196	0.04256963548334557	0.00940456002286625	0.17325245837668077	0.19787367233646913	0.024904148807708637	0.1182886234689578	0.08692250211097888	0.19196198012696086
171.0	0.17101544640937988	0.11999042600234615	0.02708214494831703	0.10040709204689252	0.03258828196892427	0.004670682550992533	0.13981540603268416	0.1788431637711453	0.22558735626931814
173.0	0.005801445630109587	0.5213206542799698	0.008349308553927457	0.20157115855208083	0.0064888928754149745	0.0017865741240272375	0.015476570495366543	0.06620840684309205	0.17299698864601157
174.0	0.25305854366735786	0.06176100512931943	0.02269664155574206	0.06431333137942964	0.023334196151052602	0.0033356433954201776	0.10414423102128319	0.16423195190654555	0.3031244557938494
177.0	0.530369131071186	0.013142929028814173	0.016816871795364032	0.015970735110270386	0.03057597266534191	0.0026318906283731374	0.13650857626775836	0.10225461648747992	0.15172927694541208
178.0	0.2949182373882678	0.0707349875954473	0.015419621461365985	0.012774356468532796	0.004590276831347007	0.003674909270084551	0.16945784313903814	0.1987507398153557	0.2296790280305608
180.0	0.36302663601956037	0.018573244210768048	0.017169506304496568	0.03768528929694615	0.02774943079229446	0.0037855290821976915	0.2592465021270583	0.16112973753273901	0.11163412463393954
182.0	0.03813488434283155	0.36905103972567044	0.019434808905608943	0.02686253359800753	0.0025790463595765957	0.0006694751381324133	0.13626805158653166	0.2375126619399162	0.1694874984037247
183.0	0.4090763150077332	0.030418721885776417	0.05559895895350884	0.007156880437632612	0.021641990847342002	0.00020491143546240981	0.15454960909276527	0.20440364396243568	0.11694896837734328
185.0	0.2919338010399794	0.047927148765297835	0.026345362754310733	0.011263588912286161	0.013280302690288072	0.0010565749941480677	0.26266290393254776	0.22547082727196271	0.12005948963917927
186.0	0.17017446437085174	0.09789032309398328	0.011157222865789804	0.06767679502931442	0.016078192975903363	0.006937401782330163	0.1903843715576385	0.19017605555945166	0.24952517276473693
187.0	0.18954992425920192	0.17569152162121437	0.03442357004721346	0.028661257215057745	0.017999356184243556	0.00043373614132310935	0.14046704056886275	0.24057400179054114	0.17219959217234196
189.0	0.14533728814897956	0.04300299724039184	0.19977795856175387	0.1739500833110516	0.06606628615703662	0.00012214879966162862	0.06431690170570963	0.19670238902900744	0.11072394704640784
190.0	0.012758362379840165	0.04093302754534781	5.578923622959657e-05	0.024005447596292143	0.001963306437680123	0.5870135963240353	0.2463245112353868	0.02505521711010414	0.06189074213508402
194.0	0.4876061256484177	0.007541930400715655	0.026307310731219998	0.03903941522102835	0.07357500279421951	0.001368200959181154	0.13622886132615683	0.10816954764484742	0.12016360527421345
196.0	0.1647428474603619	0.04900487677125379	0.1098555966033372	0.09035997256599598	0.05086577160018113	0.0007538532518946063	0.12434334225325104	0.2344517634211896	0.17562197607253482
200.0	0.03539748898668761	0.029720042335544924	0.00011951599962427947	0.009070618646688348	0.001545373136546523	0.47743689142886314	0.26261421559957043	0.05145067774036878	0.132645176126106
202.0	0.013099084286900884	0.35311609181330866	0.0009375635697258934	0.13448742350076423	0.005400876193483734	0.10461203518841906	0.06236858496495997	0.05849314581685641	0.26748519466558107
204.0	0.2253491082830017	0.03944433166145135	0.01403104352317274	0.02989694431232859	0.012271737783298889	0.00569029176556766	0.2501532017262546	0.19617927818352407	0.2269840627614005
205.0	0.16121809535079643	0.1048446284129912	0.04869364820904578	0.07684089172787298	0.05951425366746331	0.0016170135230951465	0.1224070867135506	0.20260828758258478	0.2222560948125998
207.0	0.16888788571019447	0.05037419492154561	0.11643820869497117	0.08719677871932198	0.04447374124155071	0.00040536866998973516	0.13451544643769178	0.2710977455762758	0.12661063002845868
208.0	0.09818431323586878	0.1350326297046309	0.04064014380149062	0.045675625151902766	0.010762004973626787	0.0021210752626243433	0.2600501058251563	0.2724696632427852	0.1350644388019143
214.0	0.05889879311819777	0.10326228012721377	0.002927430805724091	0.050613330509836955	0.0062780175655095605	0.11330215511130261	0.3053184363656167	0.14859285732528102	0.21080669907131758
216.0	0.31258572017126973	0.0038291585669910115	0.04699840860059534	0.0984883282309635	0.3902307373550191	0.000518888844415662	0.039854477496302165	0.04748874730412902	0.06000553343031441
218.0	0.1191843991843063	0.06188414938593545	0.012799511144436214	0.08701079338038609	0.03618533278499309	0.019441887490459952	0.34489022214185416	0.16911760920609997	0.14948609528152879
221.0	0.002683559852623586	0.4413671194548386	0.00019955054383069594	0.10371146739727924	0.0015612014101082166	0.19856692120814765	0.018841087553628684	0.02411459920594433	0.20895449337359906
222.0	0.2934549949119847	0.024307978946831236	0.008782522594334216	0.05972197902643842	0.035692059407457434	0.01687283309116147	0.24514821796062214	0.13430379439028972	0.18171561967088073
223.0	0.3898490203825156	0.004453892489457151	0.016430589390955055	0.09564319583482894	0.3283519792496992	0.0027856392764269	0.051349373507551706	0.03603051672820151	0.07510579314036374
225.0	0.04117727928221852	0.2562790468770906	0.1701057516536437	0.03894540334817691	0.007260004870055172	1.7737682571795824e-05	0.06566499494911784	0.3039197839230658	0.11662999741405977
226.0	0.1296471072007917	0.11315654323686633	0.010409600217452844	0.05383105082930628	0.010083565430730324	0.015760311855723817	0.18775372892461714	0.18665237430856926	0.2927057179959423
227.0	0.16020366414844409	0.08552565407064365	0.053595037761705586	0.10892354275029115	0.05646860351232083	0.0004589211327195683	0.1229859585244679	0.2036328633326736	0.2082057547667337
229.0	0.19079721477013814	0.027520293754613203	0.1401175448456397	0.21146718254379046	0.15315413449510276	2.4478263178089803e-05	0.014623999417908245	0.10458992035045671	0.15770523155917285
230.0	0.020151674796768815	0.3458084842013293	0.03338676738267606	0.2458320995048957	0.013476620471565691	0.000510633599177957	0.007914479818888404	0.06419962970535376	0.26871961051934434
231.0	0.012580853838866337	0.4807542878920053	0.0026926758406344425	0.11225325885953238	0.0025895218011667714	0.005969824563527378	0.021537925537650403	0.06535569246993417	0.2962659591966827
232.0	0.16707000138540198	0.08390797512901822	0.11027237413575099	0.0606426384762814	0.023371792056630872	0.0003701536246585354	0.17647116149873382	0.2514843144352164	0.12640958925830778
233.0	0.09945839097240149	0.10254741951811948	0.20489181573642756	0.17261103844011655	0.0730644512463174	8.489154816397458e-05	0.05099440744367894	0.1928909347835476	0.10345665031122703
234.0	0.20434283700611874	0.06659360092613481	0.03005318831998103	0.16657871465085294	0.04668640885830855	0.0015704234788003046	0.040565162230532796	0.10840302999703269	0.33520663453223815
235.0	0.20325402562528166	0.03705202201077644	0.11759350092259147	0.10452433578609097	0.0669062935058738	0.0002933634355474621	0.08427611611905603	0.20707542211055643	0.1790249204842256
238.0	0.191317427123398	0.020615134322820895	0.20670873183891872	0.0375081847657436	0.03386384724631851	6.610482531426832e-05	0.15727067184378163	0.275583262946202	0.07706663508750244
240.0	0.27269806399644453	0.054922046613065406	0.05105077886103712	0.04070867791197808	0.03931984610378793	0.0008924411319999261	0.17412830614524902	0.2172287899530982	0.1490510492833399
242.0	0.20995159306149583	0.06394308079187128	0.2052101515128884	0.030594793965683032	0.020618093166826935	7.673636134204646e-05	0.08902263611388998	0.25047331883718776	0.13010959618881474
243.0	0.01980771816141122	0.4523273262214535	0.00786650164666758	0.04846003643443323	0.002129357901250299	0.007654553285331267	0.12517630664068566	0.16088651115753394	0.17569168855123332
246.0	0.29582367953012323	0.003149483212847998	0.2808340021330026	0.04301027069436327	0.13480425981251687	1.0297345452982312e-05	0.06139687408083494	0.13960213105960675	0.0413690021312515
248.0	0.2763711394440084	0.0866227125495825	0.04468971664510904	0.036536847757022296	0.017280436991934607	0.0019804416409457005	0.10836498673922128	0.19024959829193455	0.23790411994024155
249.0	0.33836731239741336	0.03369955098955927	0.056827765442956535	0.04090646359484716	0.04449355742179077	0.0010948453478331717	0.1797609583111776	0.17731256668152443	0.12753697981289774
251.0	0.23452557254024284	0.04068487835562345	0.07653427619015052	0.0534615480730186	0.03184235327714865	0.00042703718316515536	0.14576547170465318	0.23859392847401237	0.17816493420198523
253.0	0.23809618570961014	0.030690484439937424	0.056384306867431094	0.02405092955172417	0.023318446282348568	0.0012214941446095423	0.2536101719989109	0.24982303232187675	0.12280494868355153
255.0	0.09418687508515754	0.13130276647454106	0.05686010935934345	0.027629964066379884	0.009473466771777952	0.00024835803268274134	0.22995954346629277	0.33395597274933103	0.11638294399449357
256.0	0.06662270431472937	0.273937163240311	0.006026155493956133	0.033956286612084045	0.00487241435861143	0.009722062785680545	0.22797553886724667	0.19146642895586588	0.18542124537151497
257.0	0.28630526018992325	0.003823821653559346	0.24951693233029665	0.06724653738061076	0.2237406071363632	1.1654073662798992e-05	0.026680840436054346	0.09408690272952726	0.04858744407000249
258.0	0.3040161425314554	0.03175855955589584	0.018384849354564126	0.05072407054104005	0.04638835833578783	0.004231762371126317	0.15717012585481155	0.14854478280173358	0.23878134865358536
261.0	0.17048791023714982	0.05092560430600228	0.18242504563639342	0.014238050651711529	0.007438009004645664	8.959578664505994e-05	0.19780109224863307	0.2994195639486029	0.07717512818021631
267.0	0.04292980099560767	0.32355419243647926	0.024625464198475583	0.03201870381618383	0.0027003971905671525	0.0012315021800570441	0.12322232003470318	0.24459909886322526	0.205118520284701
268.0	0.012280179355976716	0.4803751045495222	0.007449626118378361	0.10701066147200557	0.003134362304539978	0.0012865847633974563	0.025337058749913443	0.10010180096051714	0.2630246217257493
269.0	0.024339989694060808	0.340004164871688	0.0017591300142907266	0.04840089939511333	0.0025977483638877554	0.09621344581008763	0.17808433796912876	0.11576353757444335	0.19283674630729974
270.0	0.0030320466809037995	0.5188358462259574	0.00047323707959362975	0.10176272140195397	0.0027458946578826854	0.13159098767723135	0.04600440319297252	0.041393639651746604	0.15416122343175812
271.0	0.008737945339481178	0.3888862188145192	0.0012410385672609386	0.23558860947068455	0.011316228576768566	0.0326102368612329	0.03582146293550642	0.05369808653680366	0.23210017289774282
272.0	0.18202721731568464	0.06052491130580606	0.03211176098306488	0.022308797141521987	0.008665709190419308	0.0018983726935983512	0.2453896476657022	0.2734759314635071	0.17359765224069548
276.0	0.08584569704841492	0.16166406441765996	0.08426319979982053	0.05463666937675843	0.013253421007838604	0.00039755366712170996	0.1900994905440353	0.31020721269676127	0.09963269144158941
277.0	0.05926136524568381	0.2330923158837918	0.01910527655059047	0.12644350605891613	0.026280342878521917	0.0037066275814861076	0.12798658894401815	0.1871396143178715	0.21698436253912012
278.0	0.00912858524920893	0.3092269034880351	0.00031004228033955713	0.07458453500885165	0.002108979463309545	0.219909963911787	0.05351219837911299	0.04402176359091249	0.28719702862844276
279.0	0.23927628350881724	0.03604570951852855	0.1356445621263131	0.0467603110573328	0.028008125469627578	0.0002954878705160834	0.11066905536819296	0.23654669340277862	0.16675377167789318
280.0	0.054887526781152815	0.2330477323378132	0.0026268497353124534	0.10558600601980549	0.01834473830639947	0.04575891182726897	0.19761462874911356	0.10901033337561979	0.23312327286751441
283.0	0.13442750776570858	0.08963983982086741	0.13902807353458965	0.07032252697637248	0.017324102059369524	0.00010909755632670804	0.045680375409765286	0.25276422646943064	0.25070425040756966
289.0	0.00489451149856831	0.5157375641408196	0.004054241861759688	0.04309026949745611	0.0005664396658270496	0.008403618249721216	0.10971590779340641	0.1703312021318348	0.1432062451606068
290.0	0.017913498531607064	0.269778493301289	0.0066874838188994545	0.22129755205356094	0.014341681489878544	0.013492668704129665	0.09644455284162963	0.11599428598756747	0.24404978327143823
291.0	0.015325923465331032	0.4933916056858617	0.0046201659943657615	0.05936448239466362	0.001789392686803333	0.004309865855260863	0.03342042938758727	0.10715406722195749	0.28062406730816886
293.0	0.004753210435418168	0.46199658326332993	0.00044556108096361176	0.11929742817653285	0.00160238299627319	0.08436427514769414	0.0370669158726349	0.05232397649908527	0.23814966652806802
294.0	0.0023998687004716814	0.2101163519679851	8.336089035636253e-05	0.22049611194527965	0.0028508858964042096	0.3387562491147302	0.013650121618902628	0.013034428427419496	0.19861262143845065
295.0	0.003922094328774252	0.47516767719741304	0.0005124898324999191	0.09053003762148443	0.000892615185558481	0.09799739509812859	0.03131368262762435	0.053172375740526835	0.24649163236799004
296.0	0.15658101747900977	0.08866596235412337	0.004792473488203258	0.03241653653733619	0.005266662076808979	0.06292355762448879	0.24527251845746514	0.16397706497513223	0.24010420700743218
298.0	0.5049057091056177	0.0037733608155145044	0.02945877202350463	0.02399222022997737	0.07385079249907185	0.0024950651680241426	0.17704893192786553	0.09666191428073548	0.08781323394968873
300.0	0.08633059542469015	0.193486673061273	0.03798099982826794	0.046825070716243256	0.01437033683406544	0.0021895408663359876	0.19357482503242565	0.2631094738988041	0.16213248433789443
309.0	0.002120952306141574	0.41516294876375975	0.0002095254053785498	0.119736279461347	0.0005817371326719755	0.12737178862411958	0.01526507342476769	0.035481114316910936	0.28407058056490286
310.0	0.06049079286321641	0.09638939597341707	0.00475804115974689	0.13766416571270065	0.018894706931837636	0.06395154960118968	0.23223979240315182	0.14351338917845885	0.24209816617628097
311.0	0.11998278762380052	0.02239726717158699	0.006969847335915418	0.1897196952517844	0.0719638900857568	0.020910897808807064	0.22409869069654412	0.12221318235633152	0.22174374166947322
313.0	0.18644649977365454	0.059303077418432874	0.03931307396870798	0.06255605282677454	0.060428315173562994	0.003177953302257762	0.25542639901957176	0.20967631371129972	0.12367231480573784
314.0	0.023838208210550833	0.43792722757611835	0.05638248505459732	0.04240735044760967	0.003806863826936449	0.00014726957911187242	0.08253487288119436	0.23728796179902176	0.11566776062485942
317.0	0.25993259201256214	0.02595192837724998	0.02580256122575964	0.10616966478947013	0.11600375284276063	0.005854579758711016	0.07946697699685229	0.1092601777191836	0.27155776627745054
318.0	0.10732639133675913	0.17484355268154236	0.014406981825943578	0.12609001490067964	0.014488485711933983	0.002200573796486959	0.07134481582046232	0.13966875774538445	0.34963042618080753
319.0	0.07429445024602017	0.10972073154032001	0.08282790005178363	0.1395988202031853	0.021497009687159153	0.0008059244256137426	0.1773962125573947	0.2753177409322123	0.11854121035631114
320.0	0.14203896218227494	0.07789305732598731	0.05629288016763143	0.08358680914010407	0.024665204283594297	0.0016090258788259535	0.2709679037848899	0.2469000257860789	0.09604613145061314
321.0	0.008011496738944576	0.4659665653842626	0.0014520616466618323	0.1043717002471543	0.001751517325168033	0.019085577410704577	0.03168575233728803	0.0696297528048633	0.2980455761049527
322.0	0.007412965161507386	0.5577102862959272	0.005113295917338681	0.12791077476703058	0.002760601629889543	0.004203074980532623	0.027697055692030053	0.07707629836240724	0.1901156471933368
326.0	0.28332305023508214	0.03899491099372014	0.0934262553269601	0.033626209567122936	0.04068299080334006	0.0004188200030627383	0.15838406885927836	0.23289207044894644	0.11825162376248721
328.0	0.3099218562138176	0.02027123522399988	0.0817858856904427	0.01337038607553075	0.026025747059073324	0.0002608068765924256	0.20609748313600174	0.24573081872781777	0.09653578099672369
337.0	0.04367402859339046	0.3404170625944464	0.038741239806507254	0.030115475023778003	0.002339467817122454	0.0007472757898754462	0.11905799723898736	0.2552183812819292	0.16968907185396354
338.0	0.03944352923460822	0.1379782748918126	0.00821500164473877	0.010399665006103244	0.0012883400220709519	0.014683341026292589	0.4115475278856392	0.2641534330285826	0.11229088726015174
339.0	0.21020692856928072	0.05163848849162587	0.2104553692148521	0.0231183765296655	0.011094689118344487	3.701824771894096e-05	0.08206281347015444	0.2608083511343918	0.15057796522396621
343.0	0.07373780737897107	0.22285092565915415	0.07364298685529368	0.05511979335892245	0.00849957249309507	0.00010864790896856568	0.09223281491740837	0.2767462439048732	0.1970612075233135
345.0	0.30401399402579465	0.006579506273847404	0.19614614748993314	0.0823811861393336	0.1811794188027814	8.569662365797756e-06	0.04186817273616069	0.13137547319868675	0.05644753167109661
346.0	0.0536283587004416	0.27946227924501343	0.07020553241378573	0.06805441055285327	0.007258885922762482	0.00016127045455515952	0.07847890876765251	0.273669132399295	0.16908122154364072
347.0	0.060347804950208674	0.3301942103282431	0.031021591638038228	0.05534794045987641	0.005897369642726281	0.0009072118805245674	0.09266213186597268	0.21956959629474232	0.20405214293966778
348.0	0.02016646836967428	0.4418227116032392	0.008330058553009835	0.024060583087841456	0.0014464586016504854	0.004922070199256407	0.15506611520418098	0.20186258130219473	0.14232295307895262
349.0	0.26727629605083153	0.06153718829425185	0.06700305728125701	0.0034431038182464106	0.0020875049407675567	0.00015327199745507894	0.18492857876032578	0.260935817773389	0.15263518108347573
351.0	0.03441181036776375	0.3927974733816489	0.0056106681962145785	0.023843817563033883	0.0018600459301025955	0.008743031472908504	0.17723200533653358	0.1866007052435415	0.16890044250825276
353.0	0.10552900229876841	0.16557290661389898	0.03174862466546095	0.04718437763599672	0.011390624910571568	0.0006339569029700947	0.13735112254441822	0.24558475746139286	0.25500462696652215
354.0	0.03962928998163123	0.24758929046508024	0.18885401106512442	0.09297442016105303	0.012664514715356527	1.5700663084309356e-05	0.05520410071542144	0.27555978095052824	0.08750889128272049
355.0	0.17248235097520853	0.05072744852530516	0.19121193969615594	0.00815101587442515	0.00746065082273366	6.179942038846918e-05	0.20241503536305103	0.2910071682603946	0.07648259106233758
356.0	0.1534307172089404	0.13984567773127726	0.01259835437284389	0.022956497387992186	0.0057151732369227545	0.006353957629989894	0.2025346181265838	0.2081784302986305	0.2483865740068194
358.0	0.09262311636532451	0.09622961675173572	0.02850595204849934	0.009458657913867023	0.003767408428759687	0.0007094216065933534	0.38628936207680187	0.29940613738999056	0.08301032741842802
359.0	0.04100892064088108	0.377768759504049	0.017161265022951577	0.07626386749663032	0.007903946279194841	0.0013667261416136953	0.06647483787216693	0.16458563510477398	0.2474660419377386
360.0	0.020464294734622204	0.42949233974639106	0.0038427350833173898	0.04242337374295997	0.0020606861669498645	0.013503880032492319	0.15927409729047787	0.15504356239207262	0.1738950308107167
361.0	0.02132953627269454	0.4446616070040121	0.0030637386575238144	0.04848781026002103	0.0014478223467195993	0.008240863710784186	0.06688101789468526	0.1228727841812747	0.28301481967228476
362.0	0.01693958251807622	0.40302778923770655	0.005650435636328509	0.11273428998211885	0.005579762019787597	0.0067680930181332945	0.0933802972347053	0.13564299360947132	0.2202767567436722
364.0	0.08185215946087498	0.22114982957235738	0.018038574336568386	0.01119737607602078	0.0016699251200148742	0.0021675270231612076	0.28052843641316727	0.2655117331043392	0.11788443889349577
365.0	0.04973406169958892	0.3649188717804103	0.0074801476913112135	0.06328537128604468	0.011018303414001403	0.01071253528409169	0.16542735928171767	0.1497090303300674	0.1777143192327666
367.0	0.19284050019756555	0.07879369512966371	0.07255776942315224	0.038856724698847524	0.030398497649168795	0.0005789940986317617	0.168945514153829	0.25671409140142537	0.16031421324771616
372.0	0.041282971259764975	0.18009612860533608	0.02568084746274035	0.16146021223967508	0.017007783595572402	0.0026597444604378015	0.17316856598786576	0.23054996407791517	0.16809378231069236
374.0	0.08467664777879376	0.05206201707632129	0.008330153287598454	0.0463257149240333	0.016160751667996125	0.01761629436290208	0.4421932955926823	0.21378558851177015	0.11884953679790267
375.0	0.008274187476417517	0.3558334536655424	0.0013664520757077198	0.12377907664442649	0.002658229242314428	0.053499125441117026	0.04692955351851394	0.06580639458692532	0.34185352734903507
377.0	0.020183777876903914	0.405307150747569	0.12821943482794318	0.030830255930759123	0.002088217718469517	2.480808093625564e-05	0.05407358403642628	0.2600009239010256	0.09927184687996714
378.0	0.279289618653757	0.027263350119115983	0.27176855587619936	0.03417098870011923	0.05524194489274798	1.6893270648154454e-05	0.04525337313696898	0.18734968292475887	0.09964559242568431
381.0	0.10288130055546173	0.07347119408674133	0.18280379276324127	0.007600585931527562	0.0020300031120557374	3.6327587685456316e-05	0.22623021419374964	0.34095722019028346	0.06398936157925374
386.0	0.045220456456717094	0.093521853059414	0.0005438502442693287	0.004884289017756462	0.000518768653638529	0.3173688610586973	0.2913543995818538	0.11287776760701211	0.13370975432064144
387.0	0.15707650140068627	0.07754617801975783	0.0027849442967958896	0.00808789037958696	0.002690952058152416	0.12045719099327608	0.3117189286172295	0.1440354792404705	0.17560193499404445
389.0	0.01650923626289753	0.40040198805261806	0.0006231634594501986	0.1026423534428972	0.004119606387481684	0.06947038835862931	0.0568195374765864	0.05590840289486822	0.29350532366457144
390.0	0.060675912313469714	0.35051351247316237	0.004957754064739615	0.04468601274425546	0.004067891418633301	0.012882162801887939	0.07195570230930887	0.1255041462940167	0.324756905580526
391.0	0.1491702765293051	0.0857718538764798	0.06701511405664455	0.09421111017280626	0.03965373803023023	0.0005320964630036236	0.10443705186987744	0.24284133272450706	0.21636742627714592
392.0	0.05312507594321243	0.0667714880213075	0.0022797318960148722	0.08963153706182565	0.02358235546423514	0.11884296768357856	0.37252276422156827	0.11936230620895284	0.15388177349930457
396.0	0.05190970371061134	0.19165422530077905	0.011255278789156336	0.1673112942405592	0.03546548997728965	0.013485398756748817	0.11286754780437572	0.13370650914301774	0.28234455227746214
398.0	0.1631746132517891	0.11072818405548196	0.0476670095939728	0.010253505760475842	0.0024769495532538147	0.0004510614576535184	0.18578740219415302	0.3211702291598385	0.1582910449733815
399.0	0.14746038110665544	0.18102351463039562	0.021299960369127853	0.044066536380252444	0.020352280605728832	0.003336941682845211	0.10788001151730646	0.18736392439509866	0.28721644931258944
400.0	0.07769717628901389	0.062370572478856766	0.4818451112896558	0.08430294497050937	0.07505839044850364	7.619627912492691e-07	0.005716318628980609	0.12115519352448748	0.09185353040720128
401.0	0.02676181196372306	0.4140502372969537	0.0061766236030023165	0.059313189441258546	0.003763016754690278	0.0036009103823478003	0.03596682578535128	0.11487192792042912	0.335495456852244
403.0	0.0898549464143038	0.14065662382602245	0.17864022117199846	0.07766047695966549	0.01997460898709068	5.1590829479429085e-05	0.07031409876488583	0.2725529195988367	0.15029451344771716
404.0	0.017850339698985376	0.4767628260905641	0.009327718867481252	0.08637496398173601	0.002158281366285442	0.0006170788837998836	0.01892254587191525	0.09869159673094802	0.2892946485082847
405.0	0.07859266987183072	0.18293077918793868	0.11791608176201807	0.08820777532566158	0.017221943408918135	0.0003183544509232012	0.06714114456321571	0.24111258598893576	0.20655866544055806
406.0	0.045016639449588836	0.3720655924180334	0.02532747705874416	0.09015640667487641	0.008986107051425923	0.0005547490031766464	0.048572172078956005	0.1550888416387125	0.25423201462648615
410.0	0.025376218658109705	0.3375157431386409	0.0063026111653770875	0.10640632479614277	0.004823513241589213	0.008818969445630228	0.042082055518034775	0.1134240716296155	0.3552504924068598
416.0	0.04134403345744739	0.3574985531550588	0.006423973196443358	0.1247979968401043	0.0068907781408555895	0.012911172939740636	0.09345858577202185	0.1110870403091464	0.24558786618918158
417.0	0.015777432449563433	0.512416667925829	0.003706775174044245	0.08558051721269173	0.004778520929214925	0.004059625850261058	0.046506202042969735	0.10021925191676938	0.22695500649865655
420.0	0.008426231074814626	0.42869388538313113	0.024684013521817882	0.25954007978651145	0.010807427554388311	0.0005432173302783355	0.024337992139806287	0.11231484061481942	0.1306523125944325
421.0	0.14098362364802738	0.030360155897337003	0.16895790539476116	0.2115589808527079	0.08569741826383595	7.152814963197118e-05	0.036361314820555844	0.15306330343580665	0.1729457695373361
423.0	0.07858904206322277	0.09717332264395118	0.007198445276555356	0.05981854742580814	0.008736151739665101	0.01722935921605883	0.35700109227097754	0.20029495041285608	0.17395908895090487
426.0	0.2063864277714262	0.09172105596236035	0.03558842003341389	0.14779375885395532	0.06144749155645018	0.00047536097236100966	0.03817520477192295	0.11328618718939322	0.30512609288871695
427.0	0.012660873045636152	0.15108653035978095	0.00011036300230094977	0.05547720024320168	0.0014046737264218749	0.4240915883955303	0.06367896970936023	0.029012569125067996	0.2624772323926999
428.0	0.01397626045586492	0.4627204942300841	0.010462812869757365	0.13542474989550268	0.005213901915816165	0.0021101206471396054	0.0701056651841709	0.1465720835646215	0.15341391123704284
429.0	0.048359596336337074	0.18942681952237603	0.021493680429034857	0.15115499148535805	0.023232482800644126	0.008758201013653396	0.1291595585181493	0.20243408701649104	0.22598058287795614
434.0	0.07044180613739255	0.1020501477825227	0.05403017028677655	0.28108412251284837	0.07210069753074742	0.00027514528341580414	0.04761518092796346	0.15936703187818774	0.21303569766014543
436.0	0.3002422897976031	0.04870867389027882	0.008311004264277057	0.03893666156063474	0.026788422127218433	0.0375348949822511	0.1586372937996838	0.11694419393388047	0.26389656564417246
441.0	0.010859511987543848	0.12227606851197352	0.00037503918803667214	0.24843703747288362	0.009306745991471913	0.2558396532688005	0.07449300581805879	0.03889826417999726	0.23951467358123388
443.0	0.027921342675285274	0.3529571577645026	0.006363560082803518	0.07437408225029898	0.010444127048601613	0.0183573177143365	0.214672974690939	0.15484377660968196	0.14006566116355046
444.0	0.04418850876114695	0.2554969002350049	0.01183970370939763	0.18299225918561474	0.01672033947699628	0.003706378782812724	0.04441633612378805	0.12158471181092666	0.31905486191431204
445.0	0.11179337227510973	0.24578869183985913	0.08248723659967495	0.054994476939239874	0.011264243815754377	0.0004383065699921084	0.056923132890605445	0.20885269395322992	0.22745784511653444
446.0	0.026792681475356947	0.33190700312008464	0.010900177247377244	0.17991387578580684	0.022160038029311577	0.006519622957862416	0.10790254592046834	0.1276445672250423	0.18625948823868965
447.0	0.023580990390630843	0.29180251675176166	0.03542349812156161	0.1772189344139403	0.02034964249491553	0.001013830950921669	0.05885013900035795	0.17435527600284886	0.21740517187306158
448.0	0.12038576697749569	0.016461063471247133	0.009537237418375193	0.2995003073639078	0.28204109321479914	0.015530877292846605	0.05866383333687108	0.05503555838453469	0.1428442625399225
449.0	0.1900716242167337	0.011050619229574211	0.3341255033312215	0.02793260850032044	0.030796568270611363	1.168116600462141e-05	0.09403217290268472	0.26456563721510484	0.047413585167744576
459.0	0.02091707966569969	0.25631301171057586	0.0005375322076730987	0.08034466642864285	0.0032439385306916885	0.2005392051985879	0.11816361160161654	0.07024400930213971	0.24969694535437265
464.0	0.013341952119857581	0.4974924521853501	0.015589985928615754	0.18886227664508348	0.00808909599133889	0.0015999072090070968	0.02101459509898648	0.08533726428970498	0.16867247053205572
465.0	0.053995389766988595	0.2665934930622077	0.008173358216197276	0.059334404466051684	0.004970735034503665	0.010390331422029192	0.16302677510251595	0.18054155976404263	0.25297395316546334
466.0	0.051494003086847734	0.2301610784690229	0.04115081907823926	0.05455753025355464	0.007966856407698782	0.00048028393239213515	0.1650324201328233	0.2871131930249632	0.16204381561445805
467.0	0.11605202683735613	0.09085166340285492	0.20790289092580558	0.004437959376568022	0.0015419072760686206	1.855749386535032e-05	0.19786981989750402	0.32423875684011844	0.057086417949858935
468.0	0.16371402694154774	0.1640340262593795	0.02612670975823216	0.008072858581305499	0.0017340894281991004	0.0007435681489315234	0.19037922985871328	0.2651797457391903	0.1800157452845007
472.0	0.11730692005698966	0.198937459351787	0.15715892116123853	0.03041732450099028	0.007393276642868166	3.780422489206977e-05	0.05669553879805078	0.2516496278325705	0.1804031274306132
475.0	0.016303851802571094	0.4249797223171055	0.0030258988809307927	0.06061348294969681	0.002606051784855644	0.02255854274929178	0.14113364390379698	0.13915469804953826	0.18962410756221298
480.0	0.04617839601995626	0.3876150473561191	0.014466251737378638	0.040169933555878064	0.0017941009082218088	0.0014077122110574055	0.09802664160727043	0.1826074786863853	0.227734437917733
482.0	0.022516706274843402	0.41305295600989	0.014474917924871945	0.02006835961901225	0.0006971571698762212	0.0024579319462604975	0.14175551185727192	0.23354345069667906	0.15143300850129474
485.0	0.1384665309503742	0.21787332013426197	0.017636938719338194	0.011064625690507333	0.0019091984359698255	0.0008242983261988736	0.17207647961019337	0.23310012124618976	0.2070484868869665
486.0	0.25317900971691853	0.10941614119302111	0.06890657154255349	0.022299866050079997	0.010515429051448479	0.00013162240242780768	0.08566536407251335	0.22659519318005183	0.22329080279098543
